[[[[0.0312466  0.04071918 0.03431823 0.03102283 0.02412071 0.03677387
    0.02491395 0.05077294 0.05486597 0.02183118]
   [0.04507673 0.03011254 0.03234152 0.05269869 0.00404443 0.00496069
    0.00115113 0.04740507 0.04430422 0.04953399]
   [0.05571747 0.04549996 0.02627425 0.0444393  0.00673393 0.03643379
    0.00816179 0.05378456 0.02971135 0.02360871]
   [0.01506243 0.04408086 0.02597084 0.03236369 0.00106979 0.03516497
    0.03484957 0.03512503 0.05373214 0.03881932]
   [0.02046852 0.02488234 0.03971951 0.00342893 0.03796225 0.03818265
    0.0119781  0.0073404  0.01795886 0.02070781]]

  [[0.04589387 0.03530206 0.07955202 0.00821336 0.01681203 0.01298345
    0.05256724 0.02038688 0.03753232 0.01967327]
   [0.01279511 0.00888385 0.05282651 0.01112204 0.01582248 0.02967787
    0.06607993 0.00781547 0.06744433 0.00773475]
   [0.07859306 0.0377207  0.07861734 0.04868268 0.05950169 0.00315414
    0.02276251 0.00967435 0.02383567 0.00955613]
   [0.02559376 0.03334311 0.00516309 0.05573555 0.0456045  0.02136061
    0.04211508 0.00756106 0.04635666 0.07479699]
   [0.02564091 0.05371838 0.01060812 0.05765559 0.02329366 0.01474467
    0.04720713 0.00161841 0.06671955 0.00037793]]]


 [[[0.03751133 0.01494262 0.04068668 0.05324888 0.01376635 0.03188537
    0.03276444 0.03166923 0.01234565 0.05272648]
   [0.02474455 0.04684146 0.03871018 0.01646058 0.04503673 0.02194319
    0.0487615  0.03216847 0.04879649 0.03832568]
   [0.0401366  0.027744   0.05291103 0.03563933 0.02345674 0.03355866
    0.00106218 0.01668958 0.03653494 0.01605331]
   [0.03420185 0.02372867 0.00749733 0.01650737 0.03154267 0.03269974
    0.03178398 0.03614906 0.03608832 0.02387531]
   [0.04961616 0.0203414  0.02412138 0.04936031 0.04461592 0.03895419
    0.0055467  0.05088547 0.03952713 0.05527761]]

  [[0.01005646 0.05841671 0.01093425 0.04142137 0.00833192 0.05706297
    0.05432497 0.03829512 0.0273996  0.00465429]
   [0.04693039 0.03051915 0.04858755 0.05829938 0.06564342 0.05758751
    0.00078825 0.02422314 0.0491215  0.01154906]
   [0.03506086 0.00365644 0.01345788 0.00124634 0.05340839 0.01506802
    0.02323892 0.06245114 0.04740046 0.00214246]
   [0.01108237 0.04181965 0.03884205 0.01600795 0.06286381 0.04131413
    0.03604305 0.03969539 0.04913034 0.02099096]
   [0.02679653 0.01412051 0.01252904 0.06354738 0.04976481 0.03300326
    0.01530286 0.0171158  0.00390482 0.02923215]]]


 [[[0.02233841 0.04988907 0.02706378 0.01286759 0.00176809 0.00481806
    0.04867465 0.03250481 0.03844287 0.06424143]
   [0.07095219 0.01553944 0.0475058  0.01886556 0.00147953 0.05433354
    0.02292742 0.02747302 0.04214959 0.05953992]
   [0.04506299 0.06252048 0.01959774 0.05717554 0.01329977 0.06826213
    0.04925465 0.01543991 0.06787375 0.05236169]
   [0.01819348 0.0152826  0.03712615 0.00183859 0.01486406 0.03042631
    0.02680716 0.03321256 0.01989053 0.04203978]
   [0.06189037 0.00842049 0.03706729 0.00946193 0.05135894 0.02837544
    0.04050924 0.01313096 0.01037752 0.03496647]]

  [[0.0204372  0.05404698 0.04398353 0.04302598 0.05193712 0.00479432
    0.03173471 0.03359006 0.05528285 0.01678983]
   [0.01384052 0.00576393 0.00094422 0.0534204  0.03850036 0.04512304
    0.01619114 0.03370122 0.00367553 0.0279092 ]
   [0.05617702 0.05037309 0.01943412 0.0552618  0.01331598 0.05455771
    0.05410134 0.04593048 0.03623208 0.05024566]
   [0.01683999 0.04878911 0.03550961 0.00076073 0.01995564 0.00851371
    0.05642611 0.02749212 0.02858527 0.03675073]
   [0.0211827  0.00786771 0.04724742 0.01091063 0.0293857  0.01289159
    0.00562316 0.04955047 0.05591405 0.05521953]]]


 [[[0.06997334 0.05974557 0.02571412 0.00625989 0.03143329 0.01792521
    0.01022618 0.00412383 0.05600568 0.00088204]
   [0.059478   0.01134221 0.00613799 0.00691609 0.05187264 0.0189389
    0.03245973 0.04302103 0.06642245 0.05611759]
   [0.02086551 0.01014862 0.00427412 0.02327917 0.02023184 0.03520764
    0.05273971 0.0536925  0.02188367 0.02932502]
   [0.01398231 0.06086463 0.00438787 0.05379839 0.06010434 0.06000493
    0.02002377 0.02885312 0.04535443 0.02105801]
   [0.02862462 0.01520982 0.03549441 0.00344344 0.061733   0.00593996
    0.04004678 0.02368143 0.0445782  0.07405476]]

  [[0.04061117 0.00222456 0.02707551 0.03208385 0.03372955 0.04286466
    0.01746286 0.00810629 0.02470222 0.06016503]
   [0.01177192 0.05686731 0.03420944 0.02874313 0.05548696 0.0288496
    0.04555553 0.02510166 0.05687112 0.0434077 ]
   [0.04401143 0.02061605 0.047607   0.04001297 0.01509906 0.01009909
    0.05009895 0.06033871 0.02882034 0.0371773 ]
   [0.05395713 0.02876276 0.05987998 0.03621903 0.05163236 0.05717303
    0.05130251 0.01002836 0.03956239 0.02506448]
   [0.00394511 0.02667478 0.01627315 0.05341082 0.00209511 0.06032714
    0.02235534 0.02243952 0.00102718 0.01165249]]]


 [[[0.02687847 0.06224881 0.00667273 0.06332125 0.0582429  0.03042218
    0.02188414 0.01559042 0.04116007 0.00221551]
   [0.00104538 0.02872299 0.00455996 0.01687633 0.01481452 0.01696007
    0.00877877 0.00080625 0.00773574 0.04142905]
   [0.06526079 0.0663385  0.02740059 0.01091554 0.04278761 0.03284322
    0.06627586 0.00437442 0.05246515 0.01931844]
   [0.01617149 0.04437803 0.0164826  0.04460274 0.03465204 0.0284077
    0.0371559  0.01922822 0.04733008 0.02778929]
   [0.02415123 0.05550779 0.06195914 0.00308181 0.01558258 0.02334566
    0.05459073 0.06601338 0.06490681 0.06061819]]

  [[0.01796095 0.06008122 0.01510614 0.00641421 0.0575945  0.01413711
    0.04177586 0.00353436 0.04425544 0.05340144]
   [0.01650016 0.0229576  0.02266927 0.04535041 0.01440281 0.01040829
    0.02721138 0.01844015 0.05082554 0.01439885]
   [0.03042725 0.05708763 0.03839811 0.05252744 0.05694386 0.04547012
    0.04236981 0.05862489 0.06022594 0.02736461]
   [0.00429223 0.01773309 0.00922737 0.02528509 0.00795155 0.03658843
    0.02318479 0.0542291  0.05861454 0.03312212]
   [0.01664471 0.03586847 0.05431239 0.02463383 0.03343665 0.01645267
    0.027584   0.0243298  0.01504518 0.03063783]]]]

[[[[0.0312466  0.04071918 0.03431823 0.03102283 0.02412071 0.03677387
    0.02491395 0.05077294 0.05486597 0.02183118]
   [0.04507673 0.03011254 0.03234152 0.05269869 0.00404443 0.00496069
    0.00115113 0.04740507 0.04430422 0.04953399]
   [0.05571747 0.04549996 0.02627425 0.0444393  0.00673393 0.03643379
    0.00816179 0.05378456 0.02971135 0.02360871]
   [0.01506243 0.04408086 0.02597084 0.03236369 0.00106979 0.03516497
    0.03484957 0.03512503 0.05373214 0.03881932]
   [0.02046852 0.02488234 0.03971951 0.00342893 0.03796225 0.03818265
    0.0119781  0.0073404  0.01795886 0.02070781]]

  [[0.04589387 0.03530206 0.07955202 0.00821336 0.01681203 0.01298345
    0.05256724 0.02038688 0.03753232 0.01967327]
   [0.01279511 0.00888385 0.05282651 0.01112204 0.01582248 0.02967787
    0.06607993 0.00781547 0.06744433 0.00773475]
   [0.07859306 0.0377207  0.07861734 0.04868268 0.05950169 0.00315414
    0.02276251 0.00967435 0.02383567 0.00955613]
   [0.02559376 0.03334311 0.00516309 0.05573555 0.0456045  0.02136061
    0.04211508 0.00756106 0.04635666 0.07479699]
   [0.02564091 0.05371838 0.01060812 0.05765559 0.02329366 0.01474467
    0.04720713 0.00161841 0.06671955 0.00037793]]]


 [[[0.03751133 0.01494262 0.04068668 0.05324888 0.01376635 0.03188537
    0.03276444 0.03166923 0.01234565 0.05272648]
   [0.02474455 0.04684146 0.03871018 0.01646058 0.04503673 0.02194319
    0.0487615  0.03216847 0.04879649 0.03832568]
   [0.0401366  0.027744   0.05291103 0.03563933 0.02345674 0.03355866
    0.00106218 0.01668958 0.03653494 0.01605331]
   [0.03420185 0.02372867 0.00749733 0.01650737 0.03154267 0.03269974
    0.03178398 0.03614906 0.03608832 0.02387531]
   [0.04961616 0.0203414  0.02412138 0.04936031 0.04461592 0.03895419
    0.0055467  0.05088547 0.03952713 0.05527761]]

  [[0.01005646 0.05841671 0.01093425 0.04142137 0.00833192 0.05706297
    0.05432497 0.03829512 0.0273996  0.00465429]
   [0.04693039 0.03051915 0.04858755 0.05829938 0.06564342 0.05758751
    0.00078825 0.02422314 0.0491215  0.01154906]
   [0.03506086 0.00365644 0.01345788 0.00124634 0.05340839 0.01506802
    0.02323892 0.06245114 0.04740046 0.00214246]
   [0.01108237 0.04181965 0.03884205 0.01600795 0.06286381 0.04131413
    0.03604305 0.03969539 0.04913034 0.02099096]
   [0.02679653 0.01412051 0.01252904 0.06354738 0.04976481 0.03300326
    0.01530286 0.0171158  0.00390482 0.02923215]]]


 [[[0.02233841 0.04988907 0.02706378 0.01286759 0.00176809 0.00481806
    0.04867465 0.03250481 0.03844287 0.06424143]
   [0.07095219 0.01553944 0.0475058  0.01886556 0.00147953 0.05433354
    0.02292742 0.02747302 0.04214959 0.05953992]
   [0.04506299 0.06252048 0.01959774 0.05717554 0.01329977 0.06826213
    0.04925465 0.01543991 0.06787375 0.05236169]
   [0.01819348 0.0152826  0.03712615 0.00183859 0.01486406 0.03042631
    0.02680716 0.03321256 0.01989053 0.04203978]
   [0.06189037 0.00842049 0.03706729 0.00946193 0.05135894 0.02837544
    0.04050924 0.01313096 0.01037752 0.03496647]]

  [[0.0204372  0.05404698 0.04398353 0.04302598 0.05193712 0.00479432
    0.03173471 0.03359006 0.05528285 0.01678983]
   [0.01384052 0.00576393 0.00094422 0.0534204  0.03850036 0.04512304
    0.01619114 0.03370122 0.00367553 0.0279092 ]
   [0.05617702 0.05037309 0.01943412 0.0552618  0.01331598 0.05455771
    0.05410134 0.04593048 0.03623208 0.05024566]
   [0.01683999 0.04878911 0.03550961 0.00076073 0.01995564 0.00851371
    0.05642611 0.02749212 0.02858527 0.03675073]
   [0.0211827  0.00786771 0.04724742 0.01091063 0.0293857  0.01289159
    0.00562316 0.04955047 0.05591405 0.05521953]]]


 [[[0.06997334 0.05974557 0.02571412 0.00625989 0.03143329 0.01792521
    0.01022618 0.00412383 0.05600568 0.00088204]
   [0.059478   0.01134221 0.00613799 0.00691609 0.05187264 0.0189389
    0.03245973 0.04302103 0.06642245 0.05611759]
   [0.02086551 0.01014862 0.00427412 0.02327917 0.02023184 0.03520764
    0.05273971 0.0536925  0.02188367 0.02932502]
   [0.01398231 0.06086463 0.00438787 0.05379839 0.06010434 0.06000493
    0.02002377 0.02885312 0.04535443 0.02105801]
   [0.02862462 0.01520982 0.03549441 0.00344344 0.061733   0.00593996
    0.04004678 0.02368143 0.0445782  0.07405476]]

  [[0.04061117 0.00222456 0.02707551 0.03208385 0.03372955 0.04286466
    0.01746286 0.00810629 0.02470222 0.06016503]
   [0.01177192 0.05686731 0.03420944 0.02874313 0.05548696 0.0288496
    0.04555553 0.02510166 0.05687112 0.0434077 ]
   [0.04401143 0.02061605 0.047607   0.04001297 0.01509906 0.01009909
    0.05009895 0.06033871 0.02882034 0.0371773 ]
   [0.05395713 0.02876276 0.05987998 0.03621903 0.05163236 0.05717303
    0.05130251 0.01002836 0.03956239 0.02506448]
   [0.00394511 0.02667478 0.01627315 0.05341082 0.00209511 0.06032714
    0.02235534 0.02243952 0.00102718 0.01165249]]]


 [[[0.02687847 0.06224881 0.00667273 0.06332125 0.0582429  0.03042218
    0.02188414 0.01559042 0.04116007 0.00221551]
   [0.00104538 0.02872299 0.00455996 0.01687633 0.01481452 0.01696007
    0.00877877 0.00080625 0.00773574 0.04142905]
   [0.06526079 0.0663385  0.02740059 0.01091554 0.04278761 0.03284322
    0.06627586 0.00437442 0.05246515 0.01931844]
   [0.01617149 0.04437803 0.0164826  0.04460274 0.03465204 0.0284077
    0.0371559  0.01922822 0.04733008 0.02778929]
   [0.02415123 0.05550779 0.06195914 0.00308181 0.01558258 0.02334566
    0.05459073 0.06601338 0.06490681 0.06061819]]

  [[0.01796095 0.06008122 0.01510614 0.00641421 0.0575945  0.01413711
    0.04177586 0.00353436 0.04425544 0.05340144]
   [0.01650016 0.0229576  0.02266927 0.04535041 0.01440281 0.01040829
    0.02721138 0.01844015 0.05082554 0.01439885]
   [0.03042725 0.05708763 0.03839811 0.05252744 0.05694386 0.04547012
    0.04236981 0.05862489 0.06022594 0.02736461]
   [0.00429223 0.01773309 0.00922737 0.02528509 0.00795155 0.03658843
    0.02318479 0.0542291  0.05861454 0.03312212]
   [0.01664471 0.03586847 0.05431239 0.02463383 0.03343665 0.01645267
    0.027584   0.0243298  0.01504518 0.03063783]]]]